1.1
-1.06 -6.5 8.03
0.47
0.47644 
2.1
8.39 1.97 -8.88
0.57
0.56787 
3.1
1.74 -1.93 -1.39
0.36
0.36496 
4.1
0.66 6.79 -2.87
0.5
0.50286 
5.1
8.68 -2.75 -1.16
0.59
0.59805 
6.1
-4.35 -0.02 -1.89
0.32
0.3005 
7.1
-1.75 6.06 1.49
0.46
0.47289 
8.1
-0.54 0.44 -3.16
0.35
0.34663 
9.1
2.11 4.88 -9.2
0.44
0.44587 
10.1
8.55 1.83 -5.5
0.57
0.57605 
11.1
1.29 0.08 9.91
0.33
0.32154 
12.1
7.63 -2.46 9.81
0.49
0.50764 
13.1
-5.4 5.5 6.88
0.38
0.37741 
14.1
-0.19 8.03 -2.98
0.56
0.56277 
15.1
2.51 -9.79 -3.89
0.67
0.66749 
16.1
8.78 -3.77 -1.13
0.62
0.6231 
17.1
-2.29 8.43 -9.99
0.59
0.5896 
18.1
4.27 -0.21 7.93
0.36
0.36217 
19.1
2.87 3.47 -2.91
0.4
0.3927 
20.1
-7.36 1.84 -2.93
0.23
0.22344 
21.1
-3.51 6.1 3.09
0.45
0.45487 
22.1
-8.52 9.25 -6.61
0.44
0.38901 
23.1
1.88 8.77 8.34
0.58
0.55506 
24.1
4.14 4.29 -5.47
0.44
0.43147 
25.1
-4.12 -4.76 -9.25
0.41
0.42355 
26.1
2.58 5.99 3.2
0.46
0.44725 
27.1
0.58 0.24 7.98
0.33
0.32185 
28.1
7.36 3.74 2.67
0.52
0.51075 
29.1
7.59 5.7 -9.81
0.61
0.60595 
30.1
-1.52 -1.41 -0.83
0.35
0.34738 
31.1
4.61 -0.49 -4.25
0.39
0.39138 
32.1
-0.81 6.29 -7.65
0.49
0.49924 
33.1
-2.39 -2.2 -3.99
0.36
0.36209 
34.1
1.83 -0.31 9.96
0.33
0.32692 
35.1
-4.31 -1.63 9.17
0.31
0.29111 
36.1
-4.68 -4.81 -4.64
0.4
0.40491 
37.1
0.83 -8.79 9.57
0.58
0.58338 
38.1
1.1 -8.01 -0.7
0.56
0.56559 
39.1
-9.06 -8.53 -4.56
0.35
0.32997 
40.1
-2.38 1.16 -4.93
0.36
0.34265 
41.1
9.73 8.14 -6.31
0.87
0.82794 
42.1
3.34 -1.82 -9.68
0.39
0.39823 
43.1
0.62 6.03 7.23
0.45
0.44453 
44.1
-7.44 9.95 -3.22
0.54
0.49917 
45.1
-8.04 -4.03 4.98
0.22
0.23101 
46.1
-5.07 7.91 -8.48
0.52
0.52587 
47.1
-7.27 -1.81 4.27
0.22
0.22607 
48.1
2.84 2.73 8.49
0.36
0.35666 
49.1
-6.91 -5.78 9.91
0.33
0.3373 
50.1
2.34 3.83 -3.87
0.41
0.39818 
51.1
1.21 1.33 -5.74
0.36
0.36214 
52.1
1.96 -0.55 -5.24
0.36
0.35778 
53.1
8.4 -0.97 6.62
0.53
0.54239 
54.1
6.9 3.76 0.98
0.5
0.49433 
55.1
3.19 -5.7 -8.64
0.48
0.48207 
56.1
-9.38 7.46 -5.65
0.27
0.23081 
57.1
9.91 -4.86 5.6
0.73
0.72273 
58.1
-1.75 0.32 -9.64
0.36
0.3546 
59.1
7.77 5.11 -3.99
0.59
0.57828 
60.1
6.64 2.07 1.95
0.45
0.46106 
61.1
-8.62 4.02 9.16
0.17
0.1732 
62.1
6.45 4.62 -0.09
0.5
0.49545 
63.1
1.78 -2.02 -1.75
0.36
0.36671 
64.1
1.73 -0.08 5.81
0.34
0.3336 
65.1
7.92 7.46 -0.23
0.69
0.68384 
66.1
0.74 9.89 4.04
0.66
0.62564 
67.1
5.97 9.87 -8.97
0.75
0.77173 
68.1
3.82 9.06 -7.79
0.65
0.64201 
69.1
0.49 7.53 -4.83
0.54
0.53882 
70.1
5.05 3.07 2.17
0.41
0.41329 
71.1
0.13 -3.3 -0.13
0.38
0.39272 
72.1
-3.75 1.51 6.46
0.32
0.30335 
73.1
4.69 -3.08 -2.14
0.41
0.41734 
74.1
-1.77 2.67 6.17
0.35
0.34404 
75.1
8.24 -6.16 5.05
0.64
0.66722 
76.1
-1.59 1.18 1.83
0.35
0.3333 
77.1
-6.53 1.56 9.4
0.24
0.23586 
78.1
-5.87 -4.72 9.36
0.33
0.33576 
79.1
1.04 -7.05 -5.47
0.52
0.53265 
80.1
2.13 -1.93 1.8
0.36
0.35592 
81.1
2.75 -7.87 -6.72
0.57
0.56812 
82.1
6.87 -3.53 -4.22
0.5
0.51155 
83.1
1.21 6.76 -3.35
0.5
0.49824 
84.1
8.18 8.67 1.74
0.77
0.76594 
85.1
9.27 0.74 3.83
0.6
0.59559 
86.1
3.78 -3.35 1.65
0.4
0.39463 
87.1
-5.91 5.59 -3.33
0.39
0.38319 
88.1
-8.87 -1.06 2.8
0.12
0.1409 
89.1
-3.54 -9.39 5.66
0.61
0.59219 
90.1
4.34 9.07 0.79
0.64
0.6214 
91.1
-7.92 -2.1 -3.5
0.2
0.20989 
92.1
-7.04 9.81 5.33
0.54
0.50964 
93.1
1.7 8.72 0.49
0.59
0.56794 
94.1
-3.62 4.65 -1.26
0.4
0.39523 
95.1
4.87 3.3 -7.2
0.43
0.42852 
96.1
4.47 2.98 1.13
0.4
0.40062 
97.1
9.04 -8.87 2.02
0.84
0.83438 
98.1
-6.06 9.67 -0.31
0.58
0.56936 
99.1
7.8 -6.3 0.82
0.63
0.64563 
100.1
-1.24 4.3 -9.67
0.42
0.43116 
101.1
-2.28 5.45 9.18
0.42
0.41301 
102.1
7.31 8.44 -2.57
0.71
0.71356 
103.1
4.28 -2.03 -5.29
0.39
0.39639 
104.1
3.12 0.67 5.95
0.35
0.34503 
105.1
-5.88 5.84 2.57
0.39
0.3856 
106.1
-1.19 -3.88 -9.13
0.41
0.42954 
107.1
6.27 1.12 4.51
0.42
0.43357 
108.1
9.29 -8.26 -5.87
0.84
0.82708 
109.1
-9.38 4.37 2.41
0.13
0.13883 
110.1
8.26 -8.38 2.38
0.75
0.77648 
111.1
3 -7.26 -2.43
0.53
0.5315 
112.1
1.26 -4.8 -2.39
0.43
0.43951 
113.1
0.28 6.47 6.93
0.47
0.46398 
114.1
7.68 8.87 -2.99
0.76
0.76063 
115.1
8.2 2.79 6.57
0.54
0.53252 
116.1
9.76 -7.04 -0.41
0.81
0.79863 
117.1
-9.62 -8.09 2.86
0.26
0.24745 
118.1
-0.75 -3.81 -3.71
0.4
0.41497 
119.1
0.87 0.76 -4.42
0.36
0.3535 
120.1
-8.36 -9.48 -0.46
0.45
0.42797 
121.1
4.79 -8.21 -0.05
0.6
0.60811 
122.1
4.39 -6.72 -2.02
0.52
0.52227 
123.1
-6.71 1.71 0.28
0.26
0.24282 
124.1
-8.76 -8.84 -2.79
0.39
0.3676 
125.1
5.18 -9.93 -8.7
0.73
0.7411 
126.1
-5.22 -8.3 -8.45
0.54
0.5469 
127.1
1.36 -3.14 -2.8
0.38
0.39012 
128.1
-0.73 6.91 8.31
0.49
0.48066 
129.1
-0.01 8.15 -5.69
0.57
0.5696 
130.1
7.7 9.59 -0.75
0.8
0.80213 
131.1
-1.26 -3.02 -2.2
0.38
0.38619 
132.1
-5.57 -8.33 3.37
0.51
0.51956 
133.1
1.87 2.67 8.29
0.35
0.34918 
134.1
-6.22 9.5 -9.41
0.58
0.56345 
135.1
-0.54 -2.29 -4.36
0.37
0.37636 
136.1
-6.55 -5.79 8.85
0.35
0.35579 
137.1
-6.8 5.85 -1.08
0.36
0.34597 
138.1
2.87 -6.76 2.48
0.5
0.50185 
139.1
-2.48 -5.37 -6.79
0.45
0.4701 
140.1
-5.03 1.78 -7.68
0.33
0.30764 
141.1
8.3 -4.52 8.49
0.58
0.59947 
142.1
7.01 -9.04 6.17
0.71
0.75198 
143.1
0.28 8.48 7.15
0.57
0.54867 
144.1
6.78 3.4 -5.74
0.5
0.49855 
145.1
8.35 0.79 3.65
0.53
0.54067 
146.1
0.37 -2.18 7.61
0.35
0.34711 
147.1
0.22 7.78 -0.8
0.54
0.54075 
148.1
0.94 -4.38 -4.93
0.42
0.4312 
149.1
-6.3 0.18 -2.58
0.27
0.25395 
150.1
-2.22 9.03 -8.24
0.62
0.61045 
151.1
3.41 9.84 -8.63
0.69
0.68766 
152.1
6.84 1.82 -8.28
0.48
0.49105 
153.1
3.64 -8.94 0.05
0.62
0.62352 
154.1
-8.72 4.54 -2.15
0.2
0.19115 
155.1
3.07 8.11 -3.54
0.58
0.55535 
156.1
8.27 -3.24 1.95
0.56
0.57533 
157.1
2.75 -1.58 8.41
0.34
0.34894 
158.1
-3.03 6.78 -3.18
0.49
0.49962 
159.1
-6.29 0.1 4.13
0.26
0.24531 
160.1
7.22 7.25 -6.49
0.65
0.65077 
161.1
-7.57 -1.23 2.85
0.2
0.2059 
162.1
6.02 5.34 -6.58
0.52
0.51594 
163.1
1.5 -8.17 -2.4
0.57
0.57626 
164.1
-0.26 5.94 1.66
0.46
0.46355 
165.1
2.85 -8.53 6.57
0.58
0.5882 
166.1
9.78 1.4 6.91
0.64
0.61892 
167.1
7.69 -4.57 6.66
0.55
0.56703 
168.1
6.18 -8.49 3.48
0.65
0.6803 
169.1
0.4 3.69 7.03
0.38
0.37125 
170.1
5.25 4.77 7.09
0.45
0.44059 
171.1
-1.44 -6.25 4.24
0.46
0.48094 
172.1
-5.63 2.7 6.22
0.3
0.28725 
173.1
3.89 6.83 2.92
0.51
0.48838 
174.1
1.81 -4.37 5.88
0.4
0.40939 
175.1
-9.71 5.33 4.01
0.13
0.13386 
176.1
3.99 8.85 2.76
0.62
0.59521 
177.1
-8.73 -7.26 3.31
0.29
0.29337 
178.1
0.12 -1.21 -2.35
0.36
0.35346 
179.1
8.67 7.84 -9.21
0.78
0.76961 
180.1
3.77 -6.97 -5.12
0.53
0.53123 
181.1
-2.54 -6.12 9.43
0.44
0.44534 
182.1
2.38 3.11 -2.83
0.39
0.38108 
183.1
-8.81 -1.52 8.53
0.11
0.1417 
184.1
8.56 -8.45 1.89
0.78
0.79532 
185.1
-6.68 -0.71 5.48
0.24
0.23496 
186.1
5.28 3.46 1.49
0.43
0.42759 
187.1
1.29 0.29 -3.12
0.35
0.34881 
188.1
-5.18 -3.5 -7.69
0.36
0.35152 
189.1
0.22 8.86 3.35
0.6
0.57679 
190.1
1.86 -9.96 -9.65
0.69
0.68138 
191.1
9.88 9.51 4.51
0.95
0.87743 
192.1
-3.23 3 -4.57
0.37
0.36296 
193.1
-0.55 -7.86 2.57
0.54
0.55447 
194.1
-0.9 7.14 8.18
0.5
0.49143 
195.1
-5.03 8.71 4.77
0.54
0.54058 
196.1
0.47 -8.54 4.11
0.58
0.57848 
197.1
-2.79 -7.95 -0.7
0.55
0.56479 
198.1
-8.66 4.2 -7.21
0.2
0.19759 
199.1
-8.34 -0.63 8.88
0.14
0.15807 
200.1
1.87 6 0.49
0.46
0.4535 
201.1
-3.87 2.4 5.04
0.34
0.32106 
202.1
-7.01 8.88 5.66
0.48
0.46466 
203.1
-3 0.98 -3.83
0.35
0.33044 
204.1
-2.91 -2.95 8.52
0.35
0.33831 
205.1
0.84 -9.52 5.39
0.63
0.62466 
206.1
3.58 -7.04 2.02
0.52
0.52053 
207.1
6.18 1.44 -4.85
0.44
0.44784 
208.1
7.04 -7.8 3.25
0.65
0.68002 
209.1
8.17 -6 8.56
0.62
0.65138 
210.1
-7.74 3.82 7.32
0.23
0.22409 
211.1
-5.23 -8.83 -1.81
0.56
0.5601 
212.1
-0.21 -0.68 -1.54
0.35
0.34672 
213.1
-2.21 -6.25 2.78
0.46
0.48354 
214.1
-8.74 -8.28 9.51
0.33
0.3159 
215.1
7.63 -1.51 -3.24
0.5
0.52039 
216.1
-6.7 6.84 -9.81
0.42
0.4164 
217.1
-0.23 -4.87 -6.08
0.43
0.45686 
218.1
9.23 -9.47 -8.12
0.91
0.86852 
219.1
7.64 5.5 8.71
0.57
0.55433 
220.1
-5.4 8.72 -3.53
0.55
0.54019 
221.1
-4.21 -0.16 7.94
0.31
0.28392 
222.1
-7.25 3.97 -3.9
0.28
0.26849 
223.1
8.88 6.63 1.41
0.71
0.69067 
224.1
2.02 -5.66 1.92
0.45
0.45745 
225.1
-6.96 2.61 2.09
0.25
0.24099 
226.1
-4.63 0.24 5.42
0.3
0.28179 
227.1
-5.08 -7.79 2.36
0.5
0.5116 
228.1
-8.6 -9.19 -7.75
0.43
0.40918 
229.1
-8.72 -8.83 -6.41
0.4
0.37919 
230.1
5.35 8.91 7.68
0.64
0.63207 
231.1
1.56 -3.47 -7.11
0.4
0.40941 
232.1
6.73 -2 8.21
0.44
0.45847 
233.1
1.65 -7.25 3.18
0.51
0.52051 
234.1
7.35 2.76 -4.05
0.51
0.51559 
235.1
-3.24 8.25 -1.56
0.56
0.57023 
236.1
-3.5 -1.2 0.5
0.34
0.31917 
237.1
-4.46 -0.57 -8.2
0.33
0.31283 
238.1
-4.52 -2.89 3.54
0.34
0.33034 
239.1
-8.08 1.66 -4.1
0.19
0.18968 
240.1
5.61 -3.95 -0.76
0.46
0.45698 
241.1
-0.41 0.44 3.53
0.34
0.3339 
242.1
9.05 -2.32 0.18
0.61
0.61385 
243.1
6.79 8.26 7.27
0.66
0.65428 
244.1
-4 5.37 -6.65
0.43
0.43432 
245.1
-5.23 -5.98 0.61
0.41
0.43062 
246.1
-6.31 2.47 4.16
0.28
0.2591 
247.1
-5.57 9.74 0.71
0.6
0.58767 
248.1
1.12 -8.79 -8.34
0.61
0.61735 
249.1
-0.37 -6.68 -4.1
0.5
0.52329 
250.1
8.2 4.5 2.74
0.59
0.56922 
251.1
-6.65 -9.87 0.94
0.57
0.55572 
252.1
4.2 0.12 -9.88
0.39
0.40554 
253.1
-7.04 -2.66 1.28
0.25
0.2522 
254.1
-7.6 -3.93 -9.25
0.27
0.2744 
255.1
-8.33 -0.23 -4.86
0.17
0.17494 
256.1
9.23 -8.15 1.92
0.81
0.81401 
257.1
8.08 0.61 -6.75
0.53
0.54108 
258.1
4.49 -5.61 3.13
0.47
0.47118 
259.1
5.36 3.17 5.48
0.42
0.41586 
260.1
-8.38 0.84 -9.96
0.18
0.17911 
261.1
-3.91 0.5 0.8
0.33
0.30363 
262.1
-5.07 3.59 -6.1
0.36
0.34319 
263.1
4.07 -8.18 -2.98
0.59
0.59325 
264.1
-4.37 -1.17 -0.22
0.32
0.30455 
265.1
6.06 5.93 3.28
0.53
0.51014 
266.1
-0.91 -8.77 5.32
0.59
0.58364 
267.1
9.7 6.98 -2.57
0.81
0.76523 
268.1
2.94 2.92 8.8
0.36
0.36027 
269.1
-7.85 -2.63 -0.88
0.21
0.21775 
270.1
1.65 3.86 9.98
0.38
0.36979 
271.1
0.88 2.82 6.96
0.36
0.35203 
272.1
8.15 -7.57 -7.35
0.72
0.74217 
273.1
3.05 6.53 1.61
0.49
0.47114 
274.1
-1.78 -1.34 -2.42
0.35
0.34781 
275.1
-6.43 -2.51 8.02
0.26
0.25957 
276.1
1.69 9.75 1.54
0.65
0.62166 
277.1
-6.69 1.25 4.32
0.24
0.23117 
278.1
-9.35 4.64 -0.74
0.15
0.1509 
279.1
-1.69 4.76 7.6
0.4
0.39864 
280.1
9.19 -5.04 0.11
0.68
0.6875 
281.1
5.89 4.71 7.48
0.47
0.4583 
282.1
-5.54 -5.59 -5.97
0.4
0.41501 
283.1
-0.09 -2.68 -1.05
0.37
0.37876 
284.1
8.36 6.9 3.62
0.68
0.66797 
285.1
-2.37 -9.92 -8.94
0.68
0.6612 
286.1
7.71 -3.81 -2.68
0.55
0.55804 
287.1
2.16 -0.28 -7.76
0.36
0.36764 
288.1
-9.43 -4.89 0.63
0.15
0.16744 
289.1
7.23 1.95 -4.99
0.49
0.50326 
290.1
-9.75 -9.91 5.21
0.35
0.30103 
291.1
-8.98 -0.12 1.65
0.11
0.13284 
292.1
-9.34 8.36 5.12
0.3
0.24543 
293.1
2.97 2.89 -6.91
0.39
0.39533 
294.1
-7.46 5.86 -8.1
0.34
0.32773 
295.1
8.03 6.87 -3.94
0.68
0.66415 
296.1
6.63 1.22 -9.33
0.46
0.48593 
297.1
4.71 3 -1.29
0.41
0.41292 
298.1
-9.56 -9.26 7.62
0.33
0.28638 
299.1
-3.37 9.5 2.72
0.62
0.61194 
300.1
7.49 8.95 -0.74
0.75
0.753 
301.1
-2.25 2.93 9.95
0.35
0.3268 
302.1
3.13 -7.96 6.24
0.55
0.55928 
303.1
-1.59 3.78 8.89
0.37
0.36004 
304.1
-9.98 -1.91 -7.39
0.05
0.1065 
305.1
8.83 0.89 0.37
0.57
0.57824 
306.1
-1.96 -9.61 -0.97
0.65
0.64087 
307.1
6.07 4.48 8.71
0.47
0.45716 
308.1
-2.41 -2.15 -3.14
0.36
0.35841 
309.1
2.23 1.01 3.37
0.35
0.3443 
310.1
-4.83 -8.68 -2.59
0.56
0.564 
311.1
0.26 -8.69 -8.1
0.61
0.61482 
312.1
7.99 2.21 5.95
0.52
0.51824 
313.1
-3.74 5.73 -1.66
0.44
0.43936 
314.1
6.47 9.18 -2.97
0.72
0.72251 
315.1
0.54 -7.47 1.34
0.53
0.53785 
316.1
3.91 0.46 3.82
0.36
0.36134 
317.1
0.76 7.48 4.89
0.52
0.50824 
318.1
-1.88 -9.17 5.68
0.61
0.59564 
319.1
6.72 -0.03 -8.72
0.46
0.48434 
320.1
-1.07 2.02 -7.38
0.37
0.37076 
321.1
7.06 -2.96 -3.49
0.5
0.50867 
322.1
-3.06 -8.01 7.3
0.53
0.53162 
323.1
-5.46 -5.93 5.18
0.4
0.4093 
324.1
-3.17 -4.9 -8.41
0.43
0.44538 
325.1
2.13 -6.22 3.27
0.47
0.47811 
326.1
1.44 0.84 -5.94
0.36
0.35943 
327.1
-8 -7.12 -0.17
0.34
0.34937 
328.1
2.29 7.82 -8.05
0.56
0.54787 
329.1
4.53 -3.61 -4.11
0.43
0.42665 
330.1
6.62 9.48 -0.71
0.74
0.7447 
331.1
1.51 4.66 -6.56
0.43
0.42688 
332.1
-3.33 -7.25 2.24
0.5
0.51875 
333.1
8.86 5.67 2.17
0.67
0.64514 
334.1
7.23 -0.36 1.83
0.47
0.48572 
335.1
4.65 -8.61 2.99
0.61
0.62912 
336.1
-3.77 4.36 -9.65
0.41
0.40498 
337.1
-9.19 -5.47 -9.96
0.21
0.21685 
338.1
-6.74 -1.5 -5.89
0.26
0.25629 
339.1
-4.62 -1.95 4.44
0.32
0.30602 
340.1
7.85 -0.41 0.04
0.5
0.5247 
341.1
-7.06 3.18 -5.09
0.27
0.26118 
342.1
-9.4 -3.72 9.83
0.1
0.1371 
343.1
-4.67 2.84 -3.75
0.35
0.32878 
344.1
5.63 5.45 8.39
0.48
0.4687 
345.1
1.46 5.4 7.34
0.43
0.41925 
346.1
0.27 -3.93 -5.71
0.41
0.42271 
347.1
8.52 1.69 3.63
0.55
0.5516 
348.1
3.07 -0.68 -6.27
0.37
0.36999 
349.1
7.51 2.4 1.44
0.5
0.50629 
350.1
2.56 -6.01 -8.79
0.49
0.4925 
351.1
2.86 6.65 2.15
0.49
0.47381 
352.1
0.28 5.09 0.41
0.43
0.43384 
353.1
2.56 -1.24 9.33
0.34
0.34184 
354.1
2.66 8.62 0.14
0.59
0.56509 
355.1
6.09 8.83 8.57
0.66
0.65645 
356.1
4.29 6.82 -8.48
0.54
0.52733 
357.1
-3.89 7.9 7.2
0.52
0.51775 
358.1
5.07 -7.36 9.25
0.55
0.57479 
359.1
9.42 -0.85 5.38
0.61
0.60873 
360.1
-4.17 9.57 -0.42
0.62
0.61521 
361.1
8.09 2.91 7.26
0.53
0.52607 
362.1
-7.99 -7.64 1.8
0.37
0.37208 
363.1
6.23 -0.03 -0.14
0.42
0.44318 
364.1
-8.16 1.61 5.4
0.17
0.16921 
365.1
7.39 6.75 -7.31
0.64
0.6364 
366.1
-4.89 -4.17 2.57
0.36
0.3636 
367.1
8.25 -0.81 5.02
0.52
0.53623 
368.1
-2.73 -7.35 -4.9
0.52
0.54563 
369.1
5.25 -1.12 2.03
0.39
0.40404 
370.1
-2.64 9.63 7.37
0.63
0.60766 
371.1
1.16 0.96 2.66
0.34
0.34234 
372.1
-4.92 0.72 4.99
0.3
0.27797 
373.1
-1.16 0.66 -6.18
0.36
0.35296 
374.1
-2.08 9.88 0.52
0.66
0.64326 
375.1
7.93 2.92 -7.88
0.55
0.54908 
376.1
8.17 3.42 9.96
0.54
0.53046 
377.1
-0.94 3.66 4.87
0.38
0.37895 
378.1
-7.14 5.63 8.3
0.31
0.30629 
379.1
-4.38 -3.27 -6.61
0.37
0.36247 
380.1
-9.14 3.16 1.86
0.13
0.13837 
381.1
-9.67 0.25 -0.43
0.05
0.10354 
382.1
7.59 7.23 4.99
0.65
0.63884 
383.1
-9.69 -6.78 -4.82
0.21
0.20904 
384.1
-2.35 3.31 -6
0.39
0.38632 
385.1
3.1 -3.79 3.23
0.4
0.39766 
386.1
2.34 -9.39 5.31
0.63
0.63084 
387.1
3.82 -7.92 -5.27
0.58
0.58019 
388.1
-4.42 8.79 2.76
0.56
0.56515 
389.1
-9.08 3.03 7.32
0.12
0.13605 
390.1
-4.34 -5.24 -1.01
0.41
0.42244 
391.1
2.03 2.57 -8.42
0.39
0.3902 
392.1
-7.94 6.94 2.47
0.33
0.31677 
393.1
4.23 0.63 -4.18
0.38
0.37783 
394.1
2.41 5.17 -0.34
0.44
0.42807 
395.1
4.21 -5.03 6.08
0.44
0.44992 
396.1
-0.46 -4.68 2.08
0.41
0.43 
397.1
-2.97 4.03 7.16
0.38
0.36624 
398.1
1.99 -2.57 7.11
0.36
0.36233 
399.1
4.96 8.06 9.94
0.58
0.56109 
400.1
-2.16 -9.37 -1.69
0.63
0.63172 
401.1
-4.8 -4.02 4.45
0.35
0.35509 
402.1
3.5 -7.49 2.83
0.54
0.5417 
403.1
6.3 3.92 -5.45
0.49
0.48691 
404.1
-8.14 -0.26 -7.22
0.18
0.18786 
405.1
1.77 7.02 -4.32
0.52
0.50787 
406.1
7.16 3.64 -6.81
0.52
0.52178 
407.1
9.74 9.56 4.31
0.94
0.87485 
408.1
8.35 3.59 1.26
0.58
0.56414 
409.1
3.85 -1.93 5.14
0.37
0.37204 
410.1
-6.64 5.36 4.86
0.33
0.32878 
411.1
-3.37 -9.32 -0.82
0.62
0.61603 
412.1
7.61 7.76 6.66
0.67
0.66718 
413.1
-9.15 5.76 7.23
0.19
0.17639 
414.1
-1.05 -6.55 2.12
0.48
0.5018 
415.1
5.98 4.59 7.14
0.47
0.45915 
416.1
-3.01 -0.71 -5.59
0.35
0.33529 
417.1
-1.8 4.72 3.85
0.41
0.41492 
418.1
4.14 -8.99 8.14
0.62
0.64158 
419.1
2 4.55 -2.84
0.42
0.4174 
420.1
4.01 1.59 6.64
0.36
0.36284 
421.1
-5.22 -0.11 2.93
0.29
0.27573 
422.1
0.67 -9.2 7.78
0.61
0.60807 
423.1
0.57 -6.05 -4.4
0.47
0.49301 
424.1
8.24 -1.23 2.62
0.53
0.54474 
425.1
-1.28 -3.25 -2.26
0.38
0.39282 
426.1
8.6 8.44 -8.22
0.8
0.79562 
427.1
9.35 2.91 -4.34
0.65
0.62917 
428.1
6.56 -3.22 3.93
0.46
0.47738 
429.1
0.24 -0.98 8.12
0.33
0.32644 
430.1
-7.59 -6.46 -5.27
0.35
0.35917 
431.1
-2.78 2.04 6.09
0.34
0.32401 
432.1
-7.94 -1.17 4.65
0.18
0.18786 
433.1
-6.37 -7.98 -7.5
0.48
0.49355 
434.1
4.3 1.83 -8.51
0.4
0.40948 
435.1
6.84 -9.36 -9.33
0.75
0.77338 
436.1
5.7 -5.12 -5.37
0.5
0.50428 
437.1
-9.75 6.77 1.27
0.19
0.16361 
438.1
4.32 -1.01 9.88
0.36
0.3657 
439.1
0.05 -8.47 -8.9
0.6
0.60711 
440.1
7.57 1.15 -8.93
0.51
0.52776 
441.1
5.84 -2.89 -0.93
0.44
0.44285 
442.1
0.04 -3.92 9.45
0.38
0.38588 
443.1
-5.18 1.26 -9.59
0.32
0.3007 
444.1
-2.95 -3.76 4.7
0.37
0.37692 
445.1
-1.73 1.62 -7.4
0.37
0.36019 
446.1
-2.85 4.83 5.1
0.4
0.40616 
447.1
-7.4 3.51 -5.17
0.26
0.25234 
448.1
-3.04 -6.8 9.23
0.47
0.47233 
449.1
9.23 -8.4 0.19
0.83
0.82691 
450.1
-9.22 -7.01 -6.44
0.26
0.25877 
451.1
-1.45 7.66 -9.04
0.55
0.55752 
452.1
9.59 -1.12 -6.06
0.65
0.64235 
453.1
-7.36 -2.24 3.96
0.22
0.22884 
454.1
-3.82 -2.5 -8.15
0.36
0.35583 
455.1
7.3 -5.38 0.63
0.57
0.57619 
456.1
8.51 3.68 -6.95
0.6
0.59338 
457.1
-8.4 8.4 4.78
0.37
0.33568 
458.1
-0.3 -3.5 5.11
0.38
0.37961 
459.1
-5.05 8.18 4.51
0.51
0.5157 
460.1
-7.25 0.28 -1.68
0.23
0.2185 
461.1
-7.84 7.16 5.51
0.35
0.32646 
462.1
2.16 -1.65 2.33
0.35
0.35359 
463.1
-4.12 -0.4 -0.59
0.32
0.30321 
464.1
-8.06 -7.63 1.84
0.36
0.36624 
465.1
-6.77 3.86 -8.03
0.31
0.29603 
466.1
6.99 -0.01 -8.03
0.47
0.49434 
467.1
-8.83 -8.35 7.76
0.33
0.31684 
468.1
-3.89 9.99 -4.44
0.66
0.6415 
469.1
4.24 -1.45 1.34
0.37
0.37981 
470.1
2.73 2.61 -9.19
0.39
0.3986 
471.1
9.65 -2.46 8.15
0.64
0.63749 
472.1
4.58 9.2 -0.44
0.65
0.63959 
473.1
-9.53 4.98 9.81
0.12
0.13522 
474.1
-4.96 -5.98 -8.37
0.44
0.45214 
475.1
-2.1 -1.02 -9.61
0.36
0.3576 
476.1
1.18 -0.03 -1.41
0.35
0.34326 
477.1
5.81 -5.53 -4.67
0.52
0.52121 
478.1
6.08 -3.65 -9.86
0.48
0.49365 
479.1
0.1 2.18 -1.89
0.36
0.3556 
480.1
7.71 6.98 1.92
0.65
0.6397 
481.1
-5.83 6.83 1.19
0.43
0.4358 
482.1
8.02 -6.26 0.86
0.64
0.65734 
483.1
2.64 -9.46 -6.11
0.66
0.65368 
484.1
4.31 8.31 9.32
0.58
0.55816 
485.1
-3.62 -2.86 0.66
0.36
0.351 
486.1
2.88 7.75 -6.68
0.56
0.54866 
487.1
-4.37 1.67 5.26
0.32
0.29952 
488.1
-6.07 -1.23 -6.93
0.29
0.27669 
489.1
-4.83 -4.68 7.26
0.37
0.36953 
490.1
2.45 6.62 3.86
0.49
0.46809 
491.1
-5.41 -7.13 -8.49
0.48
0.49006 
492.1
-5.83 9.46 -2.94
0.58
0.56603 
493.1
-2.59 -8.76 1.1
0.59
0.59422 
494.1
8.04 9.53 0.99
0.81
0.81148 
495.1
-9.83 4.45 -1.52
0.1
0.12254 
496.1
0.97 4.04 8.23
0.38
0.37696 
497.1
1.84 -2.7 -6.28
0.38
0.38845 
498.1
-2.45 -2.65 -6.41
0.38
0.37793 
499.1
-6.35 6.65 -7.34
0.42
0.41923 
500.1
-3.2 7.1 8.65
0.48
0.48066 
