1.1
-8.28 -2.53 4.07
0.16
0.18729 
2.1
-3.21 5.56 8.45
0.43
0.41368 
3.1
7.35 4.77 8.35
0.56
0.51858 
4.1
7.43 1.51 -1.57
0.51
0.50692 
5.1
7.17 0.15 9.2
0.47
0.464 
6.1
-9.92 -3.97 7.37
0.04
0.11711 
7.1
9.29 1 -4.48
0.65
0.6192 
8.1
-8.06 9.7 -5.89
0.52
0.45152 
9.1
-9.54 2.64 4.9
0.06
0.10877 
10.1
4.42 3.59 4.71
0.42
0.40022 
11.1
2.28 -9.35 9.16
0.65
0.62791 
12.1
-1.22 3.24 -8.22
0.41
0.39782 
13.1
-5.62 4.99 -1.65
0.38
0.36433 
14.1
9.69 1.33 -7.61
0.7
0.6408 
15.1
-6.6 -9.11 4.98
0.54
0.5133 
16.1
1.34 3.98 -3.44
0.42
0.40051 
17.1
-1.37 3.86 6.29
0.39
0.37676 
18.1
-2.6 -0.25 -1.97
0.35
0.32861 
19.1
6.01 -1.89 -2.17
0.45
0.43985 
20.1
-8.45 -8.81 -3.3
0.42
0.39534 
21.1
1.49 -9.12 4.08
0.65
0.60884 
22.1
-7.8 -0.92 8.96
0.17
0.18529 
23.1
-5.75 -8.75 -7.47
0.58
0.54973 
24.1
-5.27 -4.96 1.09
0.39
0.38602 
25.1
-0.9 6.34 -8.41
0.52
0.50281 
26.1
-4.98 5.29 -2.12
0.41
0.39548 
27.1
-6.26 -6.52 7.19
0.4
0.40186 
28.1
-7.39 0.65 -0.27
0.21
0.21061 
29.1
-8.94 2.09 -8.57
0.13
0.15408 
30.1
9.78 2.58 -3.93
0.72
0.65168 
31.1
-8.7 9.94 -1.2
0.47
0.38716 
32.1
6.38 2.19 -6.7
0.48
0.46316 
33.1
0.02 8.35 -5.69
0.62
0.57907 
34.1
4.57 -9.78 5.22
0.72
0.70206 
35.1
-6.65 -4.34 -2.17
0.32
0.3201 
36.1
5.83 -6.06 4.63
0.55
0.53482 
37.1
9.12 -7.17 -1.61
0.81
0.77165 
38.1
5.44 -0.68 9.06
0.39
0.39489 
39.1
5.35 9.1 0.31
0.71
0.66021 
40.1
-8.64 6.84 4.8
0.28
0.25173 
41.1
4.7 -8.19 9.15
0.61
0.6113 
42.1
0.19 1.42 0.44
0.36
0.34646 
43.1
-8.18 -3.23 1.76
0.19
0.20714 
44.1
9.05 -2.09 -4.94
0.65
0.61541 
45.1
1.7 9.85 -4.7
0.71
0.65054 
46.1
7.99 -0.26 6.8
0.52
0.51407 
47.1
4.98 7.91 -9.87
0.64
0.60849 
48.1
6.33 5.43 0.76
0.55
0.51045 
49.1
4.77 -4.03 2.53
0.45
0.43124 
50.1
-8.82 8.53 1.13
0.37
0.30922 
51.1
-0.01 1.66 -8.56
0.38
0.37232 
52.1
-6.41 7.96 -1.42
0.49
0.4633 
53.1
-1.86 -3.07 1.18
0.38
0.37775 
54.1
0.24 -6.77 7.2
0.5
0.49307 
55.1
7.88 -7.85 2.06
0.75
0.72938 
56.1
-5.63 1.45 -0.79
0.3
0.27566 
57.1
-7.18 -9.24 -0.91
0.53
0.50161 
58.1
2.42 0.29 -8.38
0.38
0.37178 
59.1
-5.13 -1.9 -2.44
0.32
0.30434 
60.1
7.14 4.34 5.03
0.54
0.50562 
61.1
-6.07 6.03 3.98
0.4
0.38302 
62.1
-3.58 9.44 -1.99
0.66
0.62109 
63.1
-8.63 3.81 0.7
0.17
0.17811 
64.1
5.5 -3.84 -9.94
0.49
0.47742 
65.1
2.21 -7.11 -0.51
0.54
0.51911 
66.1
-5.61 6.46 -2.45
0.44
0.42524 
67.1
2.15 -7.06 4
0.53
0.51312 
68.1
-0.08 6.01 -9.56
0.5
0.48905 
69.1
0.81 -5.14 8.17
0.43
0.43224 
70.1
7.91 6.04 6.9
0.65
0.59337 
71.1
-7.34 -5.01 2.33
0.3
0.30467 
72.1
1.8 -9.78 2.25
0.69
0.64883 
73.1
9.31 0.95 -2.72
0.65
0.61626 
74.1
-3.05 -8.05 -0.92
0.58
0.5669 
75.1
-8.93 9.31 0.47
0.41
0.33424 
76.1
3.2 -3.74 -2.36
0.42
0.40718 
77.1
0.81 8.55 1.56
0.61
0.56147 
78.1
5.98 -5.61 6.77
0.53
0.52161 
79.1
5.78 -2.92 3.43
0.45
0.44048 
80.1
0.14 -2.98 -0.89
0.39
0.3859 
81.1
-3.03 -3.76 -2.52
0.4
0.39332 
82.1
-2.78 -3.26 -2.62
0.39
0.38112 
83.1
-5.69 6.59 7.86
0.43
0.41166 
84.1
-2.83 0.81 9.83
0.33
0.2916 
85.1
2.48 -8.36 -8.76
0.63
0.59671 
86.1
3.33 8.67 0.31
0.64
0.5745 
87.1
2.44 1.14 -1.75
0.37
0.35078 
88.1
6.79 8.83 -5.73
0.76
0.72408 
89.1
-7.18 7.33 0.97
0.41
0.39047 
90.1
1.84 2.66 4.3
0.37
0.35873 
91.1
5.34 -5.79 4.4
0.52
0.5051 
92.1
-3.81 8.1 6.67
0.56
0.5302 
93.1
-6.9 -7.4 -7.9
0.45
0.44406 
94.1
-6.94 2.32 -1.73
0.26
0.24489 
95.1
-2.14 -6.32 -9.79
0.51
0.51649 
96.1
9.89 -0.65 -1.72
0.71
0.65618 
97.1
4.23 3.12 8.5
0.4
0.38223 
98.1
8.43 3.33 6.97
0.59
0.55021 
99.1
-1.76 -0.01 -4.54
0.36
0.34343 
100.1
-8.5 -0.11 9.95
0.11
0.14919 
101.1
0.93 3.92 -7.77
0.43
0.41597 
102.1
8.45 -2.2 -0.14
0.59
0.57436 
103.1
6.03 1.17 4.61
0.43
0.42373 
104.1
-2.57 3.18 9.82
0.36
0.33072 
105.1
-2.69 -0.24 0.6
0.35
0.32288 
106.1
8.12 -1.77 2.67
0.55
0.54228 
107.1
3.6 -0.87 7.04
0.36
0.354 
108.1
2.41 1.46 -3.58
0.37
0.35557 
109.1
2.53 -0.32 -1.7
0.36
0.34898 
110.1
-8.54 -3 -7.28
0.18
0.19666 
111.1
-6.24 -4.68 8.64
0.33
0.32723 
112.1
3.28 9.64 -2.54
0.71
0.64446 
113.1
4.1 0.65 8.3
0.36
0.35764 
114.1
-4.17 0.76 -7.35
0.35
0.31626 
115.1
-0.79 0.35 1.68
0.35
0.33285 
116.1
-5.56 6.4 -5.61
0.45
0.43569 
117.1
-1.72 9.93 5.71
0.69
0.6292 
118.1
2.22 2.52 -9.84
0.4
0.39608 
119.1
2.61 -3.56 3.57
0.4
0.38915 
120.1
0.28 -5.92 -5.75
0.49
0.49251 
121.1
6.63 8.07 3.5
0.68
0.64273 
122.1
0.82 -3.49 5.59
0.39
0.38294 
123.1
-7.27 -9.34 -2.73
0.53
0.50334 
124.1
-1.6 3.35 4.2
0.38
0.37125 
125.1
-6.88 -1.33 -9.68
0.26
0.25418 
126.1
-4.85 -3.96 -0.39
0.37
0.36089 
127.1
7.92 2.54 4.62
0.55
0.52006 
128.1
2.14 6.43 -4.82
0.52
0.48446 
129.1
-7.2 -2.52 1.37
0.24
0.24249 
130.1
8.38 -6.84 -8.55
0.75
0.72239 
131.1
1.01 -4.53 -6.41
0.44
0.44005 
132.1
3.89 -1.41 -4.37
0.39
0.38096 
133.1
-1.35 3.33 -1.13
0.39
0.37764 
134.1
-5.26 -0.78 6.26
0.29
0.26947 
135.1
-4.73 -0.99 8.23
0.3
0.27982 
136.1
4.06 -3.28 8.95
0.4
0.39652 
137.1
2.14 5.44 -9.78
0.48
0.46459 
138.1
3.49 -1.6 -5.3
0.39
0.37796 
139.1
1.17 -4.99 3.13
0.44
0.43455 
140.1
7.78 7.47 7.02
0.71
0.65843 
141.1
7.55 4.47 9.52
0.56
0.51865 
142.1
-9.11 -7.14 -1.69
0.27
0.26303 
143.1
-9.4 4.71 7.44
0.12
0.14041 
144.1
2.82 -4.85 -9
0.47
0.45408 
145.1
1.95 -7.1 -8.95
0.56
0.53832 
146.1
0.2 -2.19 7.59
0.35
0.3467 
147.1
3.04 -1.31 3.27
0.36
0.3567 
148.1
-5.59 9.97 1.75
0.64
0.59474 
149.1
2.84 -6.72 -5.94
0.54
0.51328 
150.1
-1.15 -3.36 5.87
0.38
0.37071 
151.1
-1.35 -3.56 7.56
0.38
0.37245 
152.1
5.04 5.28 -6
0.51
0.48124 
153.1
6.56 9.69 2.53
0.79
0.7509 
154.1
-2.51 -4.39 -3.76
0.43
0.42509 
155.1
0.78 -7.23 6.23
0.53
0.51774 
156.1
4.82 3.89 -5.17
0.46
0.43709 
157.1
2.74 9.89 -8.51
0.73
0.67727 
158.1
9.21 -9.66 8.65
0.95
0.86816 
159.1
3.99 -0.9 -8.09
0.4
0.39327 
160.1
1.61 0.08 1
0.35
0.34279 
161.1
-3.17 4.98 -5.9
0.44
0.4322 
162.1
-9.86 9.4 -1.1
0.33
0.24116 
163.1
-0.98 -8.45 -7.84
0.63
0.60595 
164.1
6.56 6.38 3.16
0.59
0.54918 
165.1
-2.44 1.7 5.43
0.35
0.32511 
166.1
4.22 1.99 4.07
0.39
0.37558 
167.1
-5.24 8.73 8.31
0.56
0.52567 
168.1
-0.27 5.93 5.62
0.47
0.45139 
169.1
-2.62 4.5 -2.67
0.43
0.409 
170.1
8.47 -7.89 4.59
0.79
0.76531 
171.1
-8.27 5.08 7.86
0.23
0.21986 
172.1
3.62 -4.89 8.1
0.44
0.43651 
173.1
7.95 9.16 -7.43
0.85
0.80371 
174.1
6.43 -6.69 0.87
0.61
0.59231 
175.1
0.16 -9.41 9.36
0.65
0.61073 
176.1
8.63 -8.54 -4.02
0.86
0.806 
177.1
-9.59 9.34 6.97
0.33
0.25398 
178.1
-4.17 7.77 6.02
0.53
0.51107 
179.1
6.82 -0.72 -8.38
0.49
0.48824 
180.1
-6.94 -7.03 -1.02
0.41
0.41259 
181.1
3.48 -7.77 4.72
0.58
0.5559 
182.1
-0.05 -5 -1.23
0.45
0.45098 
183.1
-3.68 3.58 7.65
0.36
0.34102 
184.1
-1.56 0 6.25
0.34
0.31783 
185.1
6.21 0.22 -4.66
0.45
0.44332 
186.1
7.16 -3.35 0.1
0.53
0.51414 
187.1
-7.59 5.04 -6.94
0.3
0.28769 
188.1
-4.67 -9.94 8.61
0.65
0.58604 
189.1
3.28 6 3.43
0.49
0.44965 
190.1
-8.7 -7.1 -8.07
0.31
0.3099 
191.1
-7.06 0.11 -2.04
0.23
0.22676 
192.1
-6.32 -4.08 -4.22
0.33
0.32827 
193.1
5.96 -2.04 1.58
0.44
0.43838 
194.1
9.96 4.9 -9.35
0.82
0.71274 
195.1
4.82 7.19 2.73
0.57
0.52437 
196.1
-4.09 5.12 1.76
0.42
0.40711 
197.1
3.83 8.89 9.84
0.64
0.58125 
198.1
7.81 0.05 -3.62
0.53
0.52961 
199.1
1.7 1.93 -8.7
0.39
0.38042 
200.1
-9.63 8.24 3.88
0.27
0.21926 
201.1
-8.52 -2.53 0.57
0.15
0.17777 
202.1
7.31 3.56 1.78
0.54
0.50799 
203.1
1.64 6.27 0.98
0.49
0.4631 
204.1
4.93 -7.28 1.59
0.58
0.56223 
205.1
2.65 2.27 -1.5
0.38
0.3683 
206.1
-4.99 3.5 8.24
0.33
0.31345 
207.1
5.42 -8.6 -1.51
0.68
0.65527 
208.1
7.68 6.29 9.91
0.64
0.58537 
209.1
-7.24 6.15 -8.8
0.37
0.35431 
210.1
-8.8 -3.96 -4.87
0.18
0.19645 
211.1
-7.76 -3.3 9.01
0.2
0.22141 
212.1
5.73 -2.85 0.53
0.45
0.43935 
213.1
7.91 1.07 7.9
0.52
0.50533 
214.1
-9.65 9.47 -0.11
0.35
0.26569 
215.1
0.18 -0.55 -9.21
0.37
0.36737 
216.1
-5.65 -1.34 -1.77
0.3
0.28124 
217.1
9.65 -1.32 9.44
0.66
0.61859 
218.1
-1.05 -6.48 9.43
0.48
0.47261 
219.1
-2.14 8.41 3.2
0.6
0.56694 
220.1
2.66 -3.34 -0.25
0.4
0.39188 
221.1
-2.79 3.6 -8.06
0.41
0.39333 
222.1
1.02 -6.03 5.78
0.47
0.46504 
223.1
-4.39 5.7 -2.35
0.44
0.42514 
224.1
-8.09 4.71 -1.8
0.25
0.23587 
225.1
-3.88 -6.72 -9.79
0.52
0.51026 
226.1
9.27 0.71 -1.45
0.64
0.61046 
227.1
4.99 9.55 -6.53
0.74
0.70282 
228.1
7.52 0.9 3.81
0.5
0.49422 
229.1
9.57 1.92 -2.58
0.69
0.63232 
230.1
-3.49 -9.32 5.38
0.64
0.59111 
231.1
0.43 -2.38 4.81
0.36
0.35759 
232.1
-8.31 -4.22 0.19
0.21
0.22488 
233.1
9.94 -4.2 -8.8
0.79
0.72452 
234.1
3.16 -9.05 1.09
0.66
0.6212 
235.1
-4.36 -3.77 -0.76
0.38
0.36625 
236.1
3.65 4.56 6.31
0.43
0.40525 
237.1
1.83 4.65 -8.8
0.45
0.43783 
238.1
9.68 -5.05 2.91
0.77
0.7185 
239.1
-5.83 2.33 -5.96
0.31
0.2916 
240.1
3.15 -5.62 -8.18
0.5
0.47719 
241.1
9.64 -8.06 -4.72
0.92
0.83395 
242.1
5.4 3.48 -8.74
0.47
0.45685 
243.1
1.21 8.12 -5.21
0.6
0.56156 
244.1
-4.73 -4.17 0.46
0.38
0.37038 
245.1
9.64 6.26 2.8
0.81
0.71561 
246.1
5.12 9.46 8.16
0.71
0.66073 
247.1
4 -0.58 -1.22
0.38
0.37015 
248.1
0.82 2.2 1.14
0.37
0.35986 
249.1
-8.26 1.93 1.49
0.16
0.17375 
250.1
-6.33 -5.97 -1.73
0.39
0.39492 
251.1
-2.64 5.82 9.95
0.45
0.42109 
252.1
7.48 8.27 -7.7
0.77
0.72936 
253.1
-0.39 6.59 -3.47
0.52
0.50374 
254.1
7.2 -3.27 5.44
0.51
0.50702 
255.1
-6.71 -5.89 3.18
0.36
0.36943 
256.1
-8.34 3.48 9.49
0.17
0.17991 
257.1
-6.22 5.33 -8.7
0.39
0.37068 
258.1
-2.14 -7.8 -0.63
0.57
0.56299 
259.1
-7.7 1.84 2.38
0.2
0.19967 
260.1
-5.04 -7.45 -1.41
0.51
0.50321 
261.1
-0.05 1.96 -6.07
0.38
0.3697 
262.1
-8.87 -7.93 7.28
0.31
0.29742 
263.1
-1.31 0.8 1.96
0.35
0.33216 
264.1
-6.2 9.02 -6.11
0.57
0.53634 
265.1
1.27 -0.8 8.69
0.34
0.32866 
266.1
2.2 8.06 -8.11
0.61
0.55994 
267.1
-9.23 -2.66 4.69
0.09
0.13679 
268.1
1.08 -3.77 -2.97
0.41
0.40824 
269.1
-5.85 6.09 9.75
0.39
0.37518 
270.1
-5.96 2.71 3.39
0.3
0.27437 
271.1
3.99 1.45 -8.35
0.4
0.3988 
272.1
-8.52 -0.09 7.13
0.12
0.14927 
273.1
-8.71 -6.05 4.77
0.24
0.24696 
274.1
8.13 -9.92 4.87
0.89
0.83967 
275.1
8.56 2.21 -2.66
0.6
0.57442 
276.1
9.96 8.53 -5.35
0.98
0.85318 
277.1
-2.53 5.52 -6.36
0.47
0.4624 
278.1
1.37 -0.82 -4.43
0.37
0.35544 
279.1
-4.16 -9.81 3.18
0.67
0.61212 
280.1
0 0.5 -0.48
0.36
0.33796 
281.1
-6.47 5.18 -0.94
0.35
0.33649 
282.1
-2.79 -1.11 4.82
0.34
0.31524 
283.1
-0.49 -8.45 -9.5
0.63
0.60834 
284.1
0.58 4.89 -1.68
0.44
0.43134 
285.1
-6.81 -4.28 4.07
0.3
0.30292 
286.1
9.62 -0.07 5.12
0.66
0.61715 
287.1
7.52 -1.82 -3.6
0.53
0.51588 
288.1
-1.67 -1.28 -0.52
0.36
0.34405 
289.1
6.59 4.09 -1.63
0.52
0.49421 
290.1
-5.48 -9.19 0.75
0.6
0.5672 
291.1
-5.98 -8.8 0.85
0.55
0.53468 
292.1
-3.51 -8.18 8.71
0.56
0.52893 
293.1
-1.4 -5.67 -4.18
0.48
0.48286 
294.1
-6.85 -4.13 -3.94
0.31
0.30808 
295.1
-4.16 5.25 4.67
0.42
0.40367 
296.1
0.8 6.54 -1.84
0.51
0.48847 
297.1
2.35 6.17 -7.69
0.51
0.47331 
298.1
-2.22 1.26 3.94
0.35
0.32719 
299.1
-9.14 0.29 9.33
0.06
0.11866 
300.1
8.38 4.86 -1.03
0.65
0.59931 
301.1
6.97 -4.4 -3.58
0.55
0.53561 
302.1
0.66 4.34 -4.92
0.43
0.41365 
303.1
-9.26 7.94 9.6
0.27
0.22642 
304.1
5.73 -0.08 2.03
0.42
0.41707 
305.1
-8.62 7.95 1.68
0.35
0.30248 
306.1
5.56 0.18 -2.1
0.42
0.41952 
307.1
5.4 4.93 -0.32
0.5
0.46627 
308.1
4.65 -2.83 -9.35
0.44
0.43287 
309.1
5.36 2.02 -1.52
0.43
0.42168 
310.1
0.81 -5.88 -2.41
0.48
0.48218 
311.1
0.94 -1.61 -9.31
0.38
0.38009 
312.1
-0.76 1.94 7.38
0.35
0.33011 
313.1
-8.11 3.61 1.88
0.2
0.20221 
314.1
-7.9 1.94 -7.36
0.21
0.2063 
315.1
3.71 -6.63 3.28
0.52
0.50312 
316.1
9.39 6.15 8.93
0.77
0.68078 
317.1
-7.93 -3.74 0.5
0.22
0.23472 
318.1
2.97 -3.34 -1.75
0.41
0.39567 
319.1
9.1 -0.58 -7.76
0.64
0.61209 
320.1
-8.99 -6.87 -1.37
0.26
0.26251 
321.1
-8.92 -7.94 1.83
0.32
0.30622 
322.1
4.5 2.73 -3.64
0.42
0.40569 
323.1
0.67 2.26 -2.83
0.38
0.35994 
324.1
-3.04 0.84 8.64
0.33
0.29564 
325.1
5.62 4.1 0.55
0.48
0.45211 
326.1
-6.9 -2.46 2.07
0.25
0.25302 
327.1
-5.4 2.17 -4.42
0.32
0.29831 
328.1
-6.02 -6.34 7.77
0.4
0.40069 
329.1
-9.06 3.67 7.7
0.12
0.14465 
330.1
7.11 9.74 4
0.82
0.77618 
331.1
0.51 -4.15 5.34
0.4
0.39991 
332.1
-0.9 -5.76 7.1
0.46
0.4502 
333.1
1.01 -5.22 -8.84
0.47
0.4704 
334.1
0.61 0.8 0.99
0.35
0.34243 
335.1
0.23 6.01 -6.26
0.5
0.47362 
336.1
-2.22 -9 -9.07
0.66
0.6254 
337.1
-6.85 1.4 3.83
0.24
0.22755 
338.1
2.32 8.34 -2.17
0.61
0.55776 
339.1
2.66 8.01 6.76
0.58
0.52185 
340.1
-9.75 -3.76 -8.15
0.09
0.13952 
341.1
-0.67 5.15 9.66
0.43
0.40567 
342.1
2.82 9.29 -4.7
0.68
0.62501 
343.1
9.52 5.43 -9.36
0.79
0.70434 
344.1
9.56 -7.79 -7.14
0.9
0.82379 
345.1
6.56 -7.84 -8.25
0.69
0.67413 
346.1
-2.41 -1.68 9.83
0.34
0.31061 
347.1
-5.2 -7.94 4.48
0.52
0.50774 
348.1
-9.58 1.17 1.82
0.04
0.10533 
349.1
2.46 3.18 -7.44
0.41
0.3997 
350.1
-1.74 2.93 2.52
0.38
0.36486 
351.1
-3.48 6.55 8.68
0.47
0.45242 
352.1
-5.14 -5.66 -9.26
0.44
0.43483 
353.1
-9.31 -9.35 9.02
0.36
0.30942 
354.1
-1.77 6.68 -1.47
0.52
0.50851 
355.1
-8.3 -7.32 0.55
0.34
0.33403 
356.1
6.2 -1.81 -2.98
0.46
0.4494 
357.1
-6.22 8.83 -7.44
0.56
0.52905 
358.1
7.52 8.52 -9.61
0.79
0.75425 
359.1
-8.76 7.7 4.4
0.31
0.27464 
360.1
-3.84 1.44 8.71
0.32
0.29104 
361.1
6.89 5.35 0.75
0.57
0.53204 
362.1
-4.78 6.79 -4.27
0.49
0.47304 
363.1
8.22 2.29 -1.74
0.58
0.55303 
364.1
-1.52 -0.95 7.59
0.34
0.31812 
365.1
8.55 -9.21 9.03
0.86
0.82813 
366.1
-9.79 0.21 1.08
0.01
0.09716 
367.1
-2.61 -3.97 -9.64
0.42
0.4211 
368.1
8.35 -5.32 -2.35
0.67
0.646 
369.1
1.48 -8.45 -9.51
0.63
0.60284 
370.1
-4.71 7.74 9.31
0.51
0.48536 
371.1
-9.13 -5.65 6.72
0.18
0.19909 
372.1
8.48 1.84 -0.39
0.59
0.56132 
373.1
5.96 7.31 -6.25
0.64
0.5961 
374.1
-6.48 -3.5 5.7
0.29
0.28929 
375.1
-8.26 -2.12 -0.4
0.17
0.18757 
376.1
7.61 3.89 -3.81
0.57
0.54224 
377.1
9.4 4.24 -0.92
0.72
0.64337 
378.1
-3.91 -4.47 6.64
0.39
0.3806 
379.1
-2.48 -5.73 -3.33
0.47
0.47662 
380.1
0.48 4.78 -8.89
0.45
0.44432 
381.1
2.05 -7.53 0.43
0.56
0.53645 
382.1
-4.56 7.83 -6.51
0.55
0.53214 
383.1
-0.95 6.89 9.63
0.5
0.47429 
384.1
5 -5.29 -3.82
0.51
0.48366 
385.1
-9.63 5.52 -7.87
0.16
0.16271 
386.1
9.88 5.11 -7.26
0.81
0.70875 
387.1
-8.17 -3.76 0.72
0.21
0.22101 
388.1
-4.56 -1.06 -0.24
0.32
0.29959 
389.1
-2.71 0.2 -0.59
0.35
0.32352 
390.1
9.95 7.18 -8.45
0.91
0.79979 
391.1
2.3 5.57 -0.78
0.47
0.44103 
392.1
-5.93 -8.06 0.16
0.51
0.50352 
393.1
0.72 9.89 4.45
0.7
0.62514 
394.1
8.15 -5.4 3.72
0.64
0.63003 
395.1
-2.12 -4.89 8.84
0.42
0.40523 
396.1
-4.78 -7.75 4.9
0.52
0.50684 
397.1
-8.87 -5.69 -2.6
0.22
0.23414 
398.1
0.06 7.51 -0.4
0.56
0.52948 
399.1
9.62 9.77 7.69
1
0.87474 
400.1
-3.72 -4.79 -1.48
0.42
0.41741 
401.1
4.62 -7.09 4.19
0.56
0.54005 
402.1
3.81 -8.35 -8.82
0.64
0.60984 
403.1
-8.43 8.65 -9.42
0.43
0.37742 
404.1
-4.12 2.75 0.62
0.35
0.3239 
405.1
1.15 1.07 -4.79
0.37
0.35696 
406.1
5.12 -3.08 4.35
0.43
0.42036 
407.1
-0.67 7.7 5.09
0.56
0.52767 
408.1
1.23 2.21 -1.5
0.37
0.35852 
409.1
-6.88 0.45 -4.91
0.25
0.23815 
410.1
-5.43 3.75 1.95
0.34
0.31787 
411.1
1.13 -7.8 5.4
0.56
0.54489 
412.1
1.29 6.77 -0.08
0.52
0.48631 
413.1
8.42 9.9 0.56
0.92
0.8473 
414.1
-7.66 1.75 7.56
0.19
0.19756 
415.1
-4.9 -9.42 1.96
0.63
0.58739 
416.1
7.55 -5.69 -3.06
0.63
0.61099 
417.1
-4.88 -0.9 5.19
0.3
0.28042 
418.1
-5.76 -9.39 -7.86
0.62
0.57713 
419.1
2.77 2.6 -2.78
0.39
0.37366 
420.1
-8.54 -0.79 -9.97
0.15
0.17383 
421.1
1.19 5.41 1.5
0.46
0.43657 
422.1
3.79 7.29 -6.38
0.58
0.5359 
423.1
7.19 9.14 -2.96
0.79
0.75377 
424.1
-0.63 1.18 -6.16
0.37
0.35894 
425.1
8.87 2.86 9.24
0.61
0.56483 
426.1
-8.1 8.19 4.56
0.39
0.35389 
427.1
5.57 1.7 -1.19
0.43
0.42557 
428.1
-5.53 9.15 -8.75
0.61
0.57064 
429.1
-8.3 -5.84 -1.02
0.27
0.27811 
430.1
-3.54 4.29 8.38
0.39
0.36148 
431.1
-3.6 -6.64 -6.89
0.51
0.50768 
432.1
8.13 -5.9 -4.62
0.68
0.65721 
433.1
-2.84 -6.72 8.12
0.49
0.47783 
434.1
1.69 -1.01 -6.19
0.37
0.36359 
435.1
8.4 9.97 -0.88
0.93
0.85141 
436.1
-7.37 -9.84 6.43
0.54
0.50211 
437.1
-9.94 2.25 8.62
0
0.09164 
438.1
-6.69 -0.29 8.03
0.23
0.22807 
439.1
-7.8 3.19 6.09
0.21
0.2091 
440.1
-6.11 -9.62 8.13
0.59
0.54175 
441.1
-0.45 -1.94 5.92
0.35
0.34438 
442.1
3.04 -3.51 7.01
0.39
0.39069 
443.1
-2.59 5.11 4.89
0.43
0.42018 
444.1
-2.82 -5.97 -9.78
0.49
0.49521 
445.1
2.19 -1.86 0.41
0.37
0.35651 
446.1
0.11 -2.15 4.94
0.36
0.35223 
447.1
3.69 2.33 2.7
0.39
0.37309 
448.1
3.85 0.75 -1.04
0.38
0.3714 
449.1
9.65 7.62 7.41
0.87
0.77286 
450.1
8.98 -8.34 -8.78
0.88
0.82049 
451.1
9.99 4.1 -7.27
0.79
0.68888 
452.1
-7.25 -4.44 8.05
0.27
0.27897 
453.1
-9.84 6.8 0.21
0.18
0.16272 
454.1
-0.34 -6.89 -3.58
0.53
0.53165 
455.1
9.9 -6.29 6.13
0.83
0.7744 
456.1
5.88 -0.71 -4.03
0.44
0.43174 
457.1
-0.43 -1.12 -1.77
0.36
0.35042 
458.1
-7.04 -8.49 5.4
0.48
0.46284 
459.1
8.04 8.71 3.76
0.8
0.75661 
460.1
8.35 -5.01 -1.74
0.66
0.63117 
461.1
-7.49 -5.86 -2.54
0.33
0.33516 
462.1
-8.88 -3.18 9.34
0.12
0.15783 
463.1
-1.02 -7.54 -8.69
0.58
0.56925 
464.1
5.79 7.03 7.55
0.58
0.53798 
465.1
4.77 1.75 9.16
0.38
0.37765 
466.1
-6.47 6.65 7.61
0.4
0.38382 
467.1
-7.11 7.79 -9.52
0.46
0.43786 
468.1
-2.89 9.5 -7.91
0.69
0.62575 
469.1
4.86 -3.86 5.63
0.44
0.42927 
470.1
6.07 6.66 -4.22
0.6
0.55882 
471.1
-3.33 1.09 4.68
0.33
0.31042 
472.1
-7.16 8.98 -5.47
0.52
0.48357 
473.1
-2.24 -2.6 4.5
0.36
0.34829 
474.1
-0.8 0.34 -0.7
0.36
0.33884 
475.1
1.87 1.46 3.21
0.36
0.34636 
476.1
-8.98 -0.66 -6.59
0.16
0.14579 
477.1
5.47 -0.59 6.35
0.4
0.39957 
478.1
-8.69 -6.13 -4.51
0.26
0.26647 
479.1
7.63 -4.2 2.66
0.57
0.55848 
480.1
8.72 5.49 2.82
0.69
0.62834 
481.1
5.43 5.28 4.63
0.5
0.46418 
482.1
-0.57 -2.11 8.93
0.35
0.33667 
483.1
2.39 3.32 -3.86
0.41
0.38507 
484.1
0.8 -2.62 -5.68
0.39
0.38648 
485.1
8.13 -7.45 5.76
0.73
0.72421 
486.1
7.87 -7.73 -3.51
0.75
0.72736 
487.1
-1.23 2.07 -3
0.37
0.36017 
488.1
-3.66 -2.4 3.18
0.35
0.33497 
489.1
-6.49 -7.69 3.54
0.46
0.45803 
490.1
-6.39 -1.49 2.52
0.26
0.25498 
491.1
-1.62 0.01 5.2
0.34
0.3216 
492.1
-8.31 0.99 5.71
0.14
0.16018 
493.1
7.19 0.57 -1.19
0.49
0.49155 
494.1
5.35 -8.7 1.9
0.68
0.65749 
495.1
5 2.88 5.24
0.42
0.402 
496.1
2.78 9.62 4.24
0.68
0.61861 
497.1
1.02 -6.1 9.08
0.47
0.46818 
498.1
9.64 7.03 -9.53
0.87
0.77984 
499.1
8.11 9.73 1.14
0.88
0.82526 
500.1
-3.69 -8.09 -2.86
0.58
0.56116 
